2.830538749694824219e-01
2.819499969482421875e-01
2.820918560028076172e-01
2.821638584136962891e-01
2.822730541229248047e-01
2.825741767883300781e-01
2.826859951019287109e-01
2.825949192047119141e-01
2.872889041900634766e-01
2.817378044128417969e-01
2.825388908386230469e-01
2.826340198516845703e-01
2.840290069580078125e-01
2.853751182556152344e-01
2.850389480590820312e-01
2.850852012634277344e-01
2.852320671081542969e-01
2.833421230316162109e-01
2.852230072021484375e-01
2.852451801300048828e-01
2.851331233978271484e-01
2.852151393890380859e-01
2.853720188140869141e-01
2.850680351257324219e-01
2.850811481475830078e-01
2.851269245147705078e-01
2.881360054016113281e-01
2.814099788665771484e-01
2.818050384521484375e-01
2.824809551239013672e-01
2.825710773468017578e-01
2.815010547637939453e-01
2.822399139404296875e-01
2.840261459350585938e-01
2.853369712829589844e-01
2.832260131835937500e-01
2.846410274505615234e-01
2.859461307525634766e-01
2.856500148773193359e-01
2.860598564147949219e-01
2.858071327209472656e-01
2.854309082031250000e-01
2.860188484191894531e-01
2.854149341583251953e-01
2.854008674621582031e-01
2.853419780731201172e-01
2.854108810424804688e-01
2.835841178894042969e-01
2.845649719238281250e-01
2.848219871520996094e-01
2.838709354400634766e-01
2.828500270843505859e-01
2.840378284454345703e-01
2.850470542907714844e-01
2.852511405944824219e-01
2.853000164031982422e-01
2.852399349212646484e-01
2.852370738983154297e-01
2.853169441223144531e-01
2.853009700775146484e-01
2.851338386535644531e-01
2.852499485015869141e-01
2.853450775146484375e-01
2.853379249572753906e-01
2.852289676666259766e-01
2.853801250457763672e-01
2.851459980010986328e-01
2.855210304260253906e-01
2.857940196990966797e-01
2.815148830413818359e-01
2.821850776672363281e-01
2.865028381347656250e-01
2.828550338745117188e-01
2.823009490966796875e-01
2.842020988464355469e-01
2.849249839782714844e-01
2.846391201019287109e-01
2.853269577026367188e-01
2.853507995605468750e-01
2.851350307464599609e-01
2.851209640502929688e-01
2.854869365692138672e-01
2.856440544128417969e-01
2.853789329528808594e-01
2.856359481811523438e-01
2.850801944732666016e-01
2.861609458923339844e-01
2.856230735778808594e-01
2.852749824523925781e-01
2.853598594665527344e-01
2.852690219879150391e-01
2.851901054382324219e-01
2.851920127868652344e-01
2.853579521179199219e-01
2.851600646972656250e-01
2.852418422698974609e-01
2.853040695190429688e-01
2.851631641387939453e-01
2.850968837738037109e-01
2.851939201354980469e-01
2.853360176086425781e-01
2.853200435638427734e-01
2.853460311889648438e-01
2.853078842163085938e-01
2.852270603179931641e-01
2.851099967956542969e-01
2.851450443267822266e-01
2.855260372161865234e-01
2.850341796875000000e-01
2.850549221038818359e-01
2.852010726928710938e-01
2.850780487060546875e-01
2.852890491485595703e-01
2.852408885955810547e-01
2.857348918914794922e-01
2.850120067596435547e-01
2.851600646972656250e-01
2.854259014129638672e-01
2.853829860687255859e-01
2.853729724884033203e-01
2.849979400634765625e-01
2.849130630493164062e-01
2.851908206939697266e-01
2.851519584655761719e-01
2.850379943847656250e-01
2.850000858306884766e-01
2.852768898010253906e-01
2.852971553802490234e-01
2.853190898895263672e-01
2.852299213409423828e-01
2.852320671081542969e-01
2.851521968841552734e-01
2.833600044250488281e-01
2.846510410308837891e-01
2.830610275268554688e-01
2.845251560211181641e-01
2.848119735717773438e-01
2.849810123443603516e-01
2.851240634918212891e-01
2.850849628448486328e-01
2.852678298950195312e-01
2.852671146392822266e-01
2.852621078491210938e-01
2.856512069702148438e-01
2.850050926208496094e-01
2.850248813629150391e-01
2.857208251953125000e-01
2.849400043487548828e-01
2.850520610809326172e-01
2.850730419158935547e-01
2.852900028228759766e-01
2.853341102600097656e-01
2.849080562591552734e-01
2.853670120239257812e-01
2.851560115814208984e-01
2.853109836578369141e-01
2.854139804840087891e-01
2.850091457366943359e-01
2.851858139038085938e-01
2.850539684295654297e-01
2.851009368896484375e-01
2.852439880371093750e-01
2.851088047027587891e-01
2.852621078491210938e-01
2.853131294250488281e-01
2.850389480590820312e-01
2.849819660186767578e-01
2.852478027343750000e-01
2.850739955902099609e-01
2.849659919738769531e-01
2.851600646972656250e-01
2.850511074066162109e-01
2.850849628448486328e-01
2.851250171661376953e-01
2.853288650512695312e-01
2.849960327148437500e-01
2.852458953857421875e-01
2.853019237518310547e-01
2.857961654663085938e-01
2.849578857421875000e-01
2.849810123443603516e-01
2.856149673461914062e-01
2.859389781951904297e-01
2.852749824523925781e-01
2.852270603179931641e-01
2.854111194610595703e-01
2.851819992065429688e-01
2.849111557006835938e-01
2.848889827728271484e-01
2.849090099334716797e-01
2.851638793945312500e-01
2.846729755401611328e-01
2.857217788696289062e-01
2.852680683135986328e-01
2.851481437683105469e-01
2.851879596710205078e-01
2.852909564971923828e-01
2.852189540863037109e-01
2.853209972381591797e-01
2.850840091705322266e-01
2.852900028228759766e-01
2.853958606719970703e-01
2.853019237518310547e-01
2.854819297790527344e-01
2.852079868316650391e-01
2.851808071136474609e-01
2.851388454437255859e-01
2.850921154022216797e-01
2.852051258087158203e-01
2.854981422424316406e-01
2.858638763427734375e-01
2.856760025024414062e-01
2.853770256042480469e-01
2.855980396270751953e-01
2.853879928588867188e-01
2.853879928588867188e-01
2.851219177246093750e-01
2.853441238403320312e-01
2.883689403533935547e-01
2.860748767852783203e-01
2.854170799255371094e-01
2.853651046752929688e-01
2.851071357727050781e-01
2.852368354797363281e-01
2.850239276885986328e-01
2.854390144348144531e-01
2.849991321563720703e-01
2.849171161651611328e-01
2.854251861572265625e-01
2.848091125488281250e-01
2.854759693145751953e-01
2.853889465332031250e-01
2.853579521179199219e-01
2.850558757781982422e-01
2.851998805999755859e-01
2.851369380950927734e-01
2.851340770721435547e-01
2.853140830993652344e-01
2.849619388580322266e-01
2.850329875946044922e-01
2.850129604339599609e-01
2.850279808044433594e-01
2.855739593505859375e-01
2.854259014129638672e-01
2.853920459747314453e-01
2.852210998535156250e-01
2.853109836578369141e-01
2.850511074066162109e-01
2.850780487060546875e-01
2.850630283355712891e-01
2.852129936218261719e-01
2.851691246032714844e-01
2.850530147552490234e-01
2.850801944732666016e-01
2.852661609649658203e-01
2.852389812469482422e-01
2.850999832153320312e-01
2.850599288940429688e-01
2.852499485015869141e-01
2.853500843048095703e-01
2.858500480651855469e-01
2.850999832153320312e-01
2.852520942687988281e-01
2.852139472961425781e-01
2.873919010162353516e-01
2.845480442047119141e-01
2.846119403839111328e-01
2.855350971221923828e-01
2.850761413574218750e-01
2.850980758666992188e-01
2.851400375366210938e-01
2.854590415954589844e-01
2.848699092864990234e-01
2.849030494689941406e-01
2.849330902099609375e-01
2.834088802337646484e-01
2.842810153961181641e-01
2.851819992065429688e-01
2.851269245147705078e-01
2.851650714874267578e-01
2.852969169616699219e-01
2.851569652557373047e-01
2.851929664611816406e-01
2.852571010589599609e-01
2.850430011749267578e-01
2.850458621978759766e-01
2.850880622863769531e-01
2.850520610809326172e-01
2.849440574645996094e-01
2.850499153137207031e-01
2.850630283355712891e-01
2.850680351257324219e-01
2.850580215454101562e-01
2.850401401519775391e-01
2.849309444427490234e-01
2.849769592285156250e-01
2.858109474182128906e-01
2.854399681091308594e-01
2.853441238403320312e-01
2.852380275726318359e-01
2.851150035858154297e-01
2.850100994110107422e-01
2.845668792724609375e-01
2.851109504699707031e-01
2.851939201354980469e-01
2.851798534393310547e-01
2.852129936218261719e-01
2.832379341125488281e-01
2.849318981170654297e-01
2.852928638458251953e-01
2.850069999694824219e-01
2.850000858306884766e-01
2.850620746612548828e-01
2.852959632873535156e-01
2.849848270416259766e-01
2.850031852722167969e-01
2.849471569061279297e-01
2.852678298950195312e-01
2.849152088165283203e-01
2.849960327148437500e-01
2.851269245147705078e-01
2.853221893310546875e-01
2.850880622863769531e-01
2.849550247192382812e-01
2.849841117858886719e-01
2.855648994445800781e-01
2.851791381835937500e-01
2.851769924163818359e-01
2.853519916534423828e-01
2.847559452056884766e-01
2.853171825408935547e-01
2.852258682250976562e-01
2.850739955902099609e-01
2.855229377746582031e-01
2.853100299835205078e-01
2.850420475006103516e-01
2.849009037017822266e-01
2.849538326263427734e-01
2.853958606719970703e-01
2.851529121398925781e-01
2.853109836578369141e-01
2.851500511169433594e-01
2.852580547332763672e-01
2.852180004119873047e-01
2.855401039123535156e-01
2.849950790405273438e-01
2.850308418273925781e-01
2.851850986480712891e-01
2.854931354522705078e-01
2.849919795989990234e-01
2.850179672241210938e-01
2.851529121398925781e-01
2.850990295410156250e-01
2.850191593170166016e-01
2.851219177246093750e-01
2.851521968841552734e-01
2.852489948272705078e-01
2.851798534393310547e-01
2.846729755401611328e-01
2.853209972381591797e-01
2.857251167297363281e-01
2.850420475006103516e-01
2.851068973541259766e-01
2.857000827789306641e-01
2.854390144348144531e-01
2.850899696350097656e-01
2.852687835693359375e-01
2.852571010589599609e-01
2.852420806884765625e-01
2.852969169616699219e-01
2.852120399475097656e-01
2.851159572601318359e-01
2.851009368896484375e-01
2.852110862731933594e-01
2.849791049957275391e-01
2.850921154022216797e-01
2.851049900054931641e-01
2.853171825408935547e-01
2.853600978851318359e-01
2.853159904479980469e-01
2.852430343627929688e-01
2.852029800415039062e-01
2.852189540863037109e-01
2.846438884735107422e-01
2.853910923004150391e-01
2.853260040283203125e-01
2.851788997650146484e-01
2.851610183715820312e-01
2.852191925048828125e-01
2.851500511169433594e-01
2.851490974426269531e-01
2.850661277770996094e-01
2.850379943847656250e-01
2.850360870361328125e-01
2.850599288940429688e-01
2.853429317474365234e-01
2.849249839782714844e-01
2.849957942962646484e-01
2.850680351257324219e-01
2.849810123443603516e-01
2.849431037902832031e-01
2.850208282470703125e-01
2.850420475006103516e-01
2.849209308624267578e-01
2.850451469421386719e-01
2.851099967956542969e-01
2.846460342407226562e-01
2.851848602294921875e-01
2.853310108184814453e-01
2.854521274566650391e-01
2.875370979309082031e-01
2.827360630035400391e-01
2.821919918060302734e-01
2.821071147918701172e-01
2.823967933654785156e-01
2.825589179992675781e-01
2.840580940246582031e-01
2.850580215454101562e-01
2.850840091705322266e-01
2.851731777191162109e-01
2.851779460906982422e-01
2.853751182556152344e-01
2.855148315429687500e-01
2.850120067596435547e-01
2.850370407104492188e-01
2.850899696350097656e-01
2.851159572601318359e-01
2.850859165191650391e-01
2.851889133453369141e-01
2.850790023803710938e-01
2.850039005279541016e-01
2.851998805999755859e-01
2.852289676666259766e-01
2.851800918579101562e-01
2.852079868316650391e-01
2.846391201019287109e-01
2.854869365692138672e-01
2.853899002075195312e-01
2.851839065551757812e-01
2.852220535278320312e-01
2.852530479431152344e-01
2.855367660522460938e-01
2.849659919738769531e-01
2.850511074066162109e-01
2.850649356842041016e-01
2.851598262786865234e-01
2.848539352416992188e-01
2.849669456481933594e-01
2.851128578186035156e-01
2.849910259246826172e-01
2.849869728088378906e-01
2.851200103759765625e-01
2.852540016174316406e-01
2.852210998535156250e-01
2.850999832153320312e-01
2.851231098175048828e-01
2.852270603179931641e-01
2.849879264831542969e-01
2.849478721618652344e-01
2.862529754638671875e-01
2.806599140167236328e-01
2.833070755004882812e-01
2.844898700714111328e-01
2.851629257202148438e-01
2.849800586700439453e-01
2.849431037902832031e-01
2.849049568176269531e-01
2.848529815673828125e-01
2.849209308624267578e-01
2.850151062011718750e-01
2.848942279815673828e-01
2.849609851837158203e-01
2.850720882415771484e-01
2.846331596374511719e-01
2.853717803955078125e-01
2.852058410644531250e-01
2.851910591125488281e-01
2.851660251617431641e-01
2.851910591125488281e-01
2.851879596710205078e-01
2.850589752197265625e-01
2.850599288940429688e-01
2.850008010864257812e-01
2.851140499114990234e-01
2.850871086120605469e-01
2.850301265716552734e-01
2.850420475006103516e-01
2.853419780731201172e-01
2.849798202514648438e-01
2.849810123443603516e-01
2.849850654602050781e-01
2.850399017333984375e-01
2.850639820098876953e-01
2.849519252777099609e-01
2.853529453277587891e-01
2.849950790405273438e-01
2.849819660186767578e-01
2.850079536437988281e-01
2.850379943847656250e-01
2.848980426788330078e-01
2.849760055541992188e-01
2.851052284240722656e-01
2.850110530853271484e-01
2.849450111389160156e-01
2.850630283355712891e-01
2.851228713989257812e-01
2.849690914154052734e-01
2.850980758666992188e-01
2.849128246307373047e-01
2.852931022644042969e-01
2.849628925323486328e-01
2.850730419158935547e-01
2.849488258361816406e-01
2.849929332733154297e-01
2.851400375366210938e-01
2.851209640502929688e-01
2.850317955017089844e-01
2.851929664611816406e-01
2.850821018218994141e-01
2.850010395050048828e-01
2.850091457366943359e-01
2.847418785095214844e-01
2.851469516754150391e-01
2.851121425628662109e-01
2.852039337158203125e-01
2.850170135498046875e-01
2.850680351257324219e-01
2.849991321563720703e-01
2.849149703979492188e-01
2.850751876831054688e-01
2.849738597869873047e-01
2.831690311431884766e-01
2.844660282135009766e-01
2.852909564971923828e-01
2.852349281311035156e-01
2.852020263671875000e-01
2.852230072021484375e-01
2.853939533233642578e-01
2.854509353637695312e-01
2.850749492645263672e-01
2.850010395050048828e-01
2.850480079650878906e-01
2.849950790405273438e-01
2.850878238677978516e-01
2.849519252777099609e-01
2.850019931793212891e-01
2.850191593170166016e-01
2.850320339202880859e-01
2.849788665771484375e-01
2.850120067596435547e-01
2.846391201019287109e-01
2.853670120239257812e-01
2.852699756622314453e-01
2.853300571441650391e-01
2.854580879211425781e-01
2.850689888000488281e-01
2.854058742523193359e-01
2.852778434753417969e-01
2.854421138763427734e-01
2.853000164031982422e-01
2.851870059967041016e-01
2.852101325988769531e-01
2.851819992065429688e-01
2.852790355682373047e-01
2.851800918579101562e-01
2.854018211364746094e-01
2.852008342742919922e-01
2.851650714874267578e-01
2.851750850677490234e-01
2.846930027008056641e-01
2.852499485015869141e-01
2.851800918579101562e-01
2.856030464172363281e-01
2.850708961486816406e-01
2.849969863891601562e-01
2.850210666656494141e-01
2.850069999694824219e-01
2.850451469421386719e-01
2.851259708404541016e-01
2.849700450897216797e-01
2.850081920623779297e-01
2.851531505584716797e-01
2.850630283355712891e-01
2.850630283355712891e-01
2.852668762207031250e-01
2.848780155181884766e-01
2.850239276885986328e-01
2.849779129028320312e-01
2.850179672241210938e-01
2.849700450897216797e-01
2.849869728088378906e-01
2.852900028228759766e-01
2.850921154022216797e-01
2.851829528808593750e-01
2.857518196105957031e-01
2.849731445312500000e-01
2.849628925323486328e-01
2.850100994110107422e-01
2.846770286560058594e-01
2.852139472961425781e-01
2.851078510284423828e-01
2.851610183715820312e-01
2.850949764251708984e-01
2.850930690765380859e-01
2.849931716918945312e-01
2.849841117858886719e-01
2.849907875061035156e-01
2.850410938262939453e-01
2.846949100494384766e-01
2.852671146392822266e-01
2.852129936218261719e-01
2.852218151092529297e-01
2.851889133453369141e-01
2.852859497070312500e-01
2.854168415069580078e-01
2.850019931793212891e-01
2.853131294250488281e-01
2.849750518798828125e-01
2.849888801574707031e-01
2.849891185760498047e-01
2.849681377410888672e-01
2.850098609924316406e-01
2.850351333618164062e-01
2.854080200195312500e-01
2.850470542907714844e-01
2.852649688720703125e-01
2.847979068756103516e-01
2.848999500274658203e-01
2.850008010864257812e-01
2.850930690765380859e-01
2.850198745727539062e-01
2.850098609924316406e-01
2.850379943847656250e-01
2.854039669036865234e-01
2.852530479431152344e-01
2.813501358032226562e-01
2.822000980377197266e-01
2.821311950683593750e-01
2.820858955383300781e-01
2.820420265197753906e-01
2.826888561248779297e-01
2.824881076812744141e-01
2.840180397033691406e-01
2.853589057922363281e-01
2.848939895629882812e-01
2.849898338317871094e-01
2.850320339202880859e-01
2.849769592285156250e-01
2.850699424743652344e-01
2.851340770721435547e-01
2.849900722503662109e-01
2.869849205017089844e-01
2.878792285919189453e-01
2.857990264892578125e-01
2.854800224304199219e-01
2.860741615295410156e-01
2.858610153198242188e-01
2.852530479431152344e-01
2.851870059967041016e-01
2.852201461791992188e-01
2.849738597869873047e-01
2.849750518798828125e-01
2.851021289825439453e-01
2.849249839782714844e-01
2.850520610809326172e-01
2.851071357727050781e-01
2.849750518798828125e-01
2.850069999694824219e-01
2.850599288940429688e-01
2.850418090820312500e-01
2.850620746612548828e-01
2.853510379791259766e-01
2.852468490600585938e-01
2.851760387420654297e-01
2.853710651397705078e-01
2.847039699554443359e-01
2.854011058807373047e-01
2.852070331573486328e-01
2.851400375366210938e-01
2.850837707519531250e-01
2.860798835754394531e-01
2.853560447692871094e-01
2.852950096130371094e-01
2.851879596710205078e-01
2.882609367370605469e-01
2.848770618438720703e-01
2.815740108489990234e-01
2.822527885437011719e-01
2.827939987182617188e-01
2.842671871185302734e-01
2.850849628448486328e-01
2.850749492645263672e-01
2.850289344787597656e-01
2.849800586700439453e-01
2.849550247192382812e-01
2.849059104919433594e-01
2.801120281219482422e-01
2.821369171142578125e-01
2.820401191711425781e-01
2.834708690643310547e-01
2.824680805206298828e-01
2.840621471405029297e-01
2.849118709564208984e-01
2.849788665771484375e-01
2.850518226623535156e-01
2.850739955902099609e-01
2.860550880432128906e-01
2.853870391845703125e-01
2.853188514709472656e-01
2.852659225463867188e-01
2.815840244293212891e-01
2.858648300170898438e-01
2.855069637298583984e-01
2.862231731414794922e-01
2.853050231933593750e-01
2.853019237518310547e-01
2.852900028228759766e-01
2.861990928649902344e-01
2.852740287780761719e-01
2.861700057983398438e-01
2.853090763092041016e-01
2.852871417999267578e-01
2.853839397430419922e-01
2.853429317474365234e-01
2.853338718414306641e-01
2.858128547668457031e-01
2.853131294250488281e-01
2.852010726928710938e-01
2.853219509124755859e-01
2.854559421539306641e-01
2.854609489440917969e-01
2.853569984436035156e-01
2.862558364868164062e-01
2.852830886840820312e-01
2.851839065551757812e-01
2.851879596710205078e-01
2.851409912109375000e-01
2.859170436859130859e-01
2.850770950317382812e-01
2.851061820983886719e-01
2.849781513214111328e-01
2.849519252777099609e-01
2.847239971160888672e-01
2.850849628448486328e-01
2.850821018218994141e-01
2.859950065612792969e-01
2.850909233093261719e-01
2.850050926208496094e-01
2.850427627563476562e-01
2.833089828491210938e-01
2.844109535217285156e-01
2.860829830169677734e-01
2.861869335174560547e-01
2.862470149993896484e-01
2.862510681152343750e-01
2.863669395446777344e-01
2.854518890380859375e-01
2.861049175262451172e-01
2.854001522064208984e-01
2.852997779846191406e-01
2.853250503540039062e-01
2.860898971557617188e-01
2.850248813629150391e-01
2.854208946228027344e-01
2.852931022644042969e-01
2.853279113769531250e-01
2.852270603179931641e-01
2.853009700775146484e-01
2.852039337158203125e-01
2.850680351257324219e-01
2.860319614410400391e-01
2.848110198974609375e-01
2.842869758605957031e-01
2.789368629455566406e-01
2.816259860992431641e-01
2.863249778747558594e-01
2.863688468933105469e-01
2.863450050354003906e-01
2.864410877227783203e-01
2.864420413970947266e-01
2.864789962768554688e-01
2.863700389862060547e-01
2.847440242767333984e-01
2.871179580688476562e-01
2.838709354400634766e-01
2.843630313873291016e-01
2.846450805664062500e-01
2.847740650177001953e-01
2.844929695129394531e-01
2.847030162811279297e-01
2.848310470581054688e-01
2.879559993743896484e-01
2.873408794403076172e-01
2.870659828186035156e-01
2.837460041046142578e-01
2.845289707183837891e-01
2.855298519134521484e-01
2.857260704040527344e-01
2.854368686676025391e-01
2.853100299835205078e-01
2.847909927368164062e-01
2.841911315917968750e-01
2.847881317138671875e-01
2.878630161285400391e-01
2.839319705963134766e-01
2.843570709228515625e-01
2.847740650177001953e-01
2.849168777465820312e-01
2.875618934631347656e-01
2.874188423156738281e-01
2.851939201354980469e-01
2.845849990844726562e-01
2.876319885253906250e-01
2.873928546905517578e-01
2.837491035461425781e-01
2.886841297149658203e-01
2.860128879547119141e-01
2.839260101318359375e-01
2.843859195709228516e-01
2.844800949096679688e-01
2.846260070800781250e-01
2.851169109344482422e-01
2.880399227142333984e-01
2.841918468475341797e-01
2.845439910888671875e-01
2.850301265716552734e-01
2.846500873565673828e-01
2.846109867095947266e-01
2.848138809204101562e-01
2.850677967071533203e-01
2.850220203399658203e-01
2.876880168914794922e-01
2.870848178863525391e-01
2.838511466979980469e-01
2.874917984008789062e-01
2.837340831756591797e-01
2.844769954681396484e-01
2.845020294189453125e-01
2.849419116973876953e-01
2.843229770660400391e-01
2.849519252777099609e-01
2.847530841827392578e-01
2.844610214233398438e-01
2.846457958221435547e-01
2.881510257720947266e-01
2.844719886779785156e-01
2.845580577850341797e-01
2.860579490661621094e-01
2.959260940551757812e-01
2.874290943145751953e-01
2.870731353759765625e-01
2.867519855499267578e-01
2.866640090942382812e-01
2.868268489837646484e-01
2.821090221405029297e-01
2.819511890411376953e-01
2.846429347991943359e-01
2.811179161071777344e-01
2.829608917236328125e-01
2.843341827392578125e-01
2.876291275024414062e-01
2.843379974365234375e-01
2.856509685516357422e-01
2.844769954681396484e-01
2.845110893249511719e-01
2.846901416778564453e-01
2.844638824462890625e-01
2.849950790405273438e-01
2.878210544586181641e-01
2.856059074401855469e-01
2.853810787200927734e-01
2.842209339141845703e-01
2.845730781555175781e-01
2.874588966369628906e-01
2.839710712432861328e-01
2.849991321563720703e-01
2.850561141967773438e-01
2.848129272460937500e-01
2.846641540527343750e-01
2.851350307464599609e-01
2.850871086120605469e-01
2.847058773040771484e-01
2.848482131958007812e-01
2.850599288940429688e-01
2.849769592285156250e-01
2.858719825744628906e-01
2.853801250457763672e-01
2.847099304199218750e-01
2.850651741027832031e-01
2.847180366516113281e-01
2.848279476165771484e-01
2.847781181335449219e-01
2.861599922180175781e-01
2.841520309448242188e-01
2.847929000854492188e-01
2.845981121063232422e-01
2.848148345947265625e-01
2.848908901214599609e-01
2.862441539764404297e-01
2.844598293304443359e-01
2.845458984375000000e-01
2.846288681030273438e-01
2.851150035858154297e-01
2.848749160766601562e-01
2.848050594329833984e-01
2.860579490661621094e-01
2.859258651733398438e-01
2.861659526824951172e-01
2.853050231933593750e-01
2.845809459686279297e-01
2.850298881530761719e-01
2.860920429229736328e-01
2.843430042266845703e-01
2.847499847412109375e-01
2.794470787048339844e-01
2.819151878356933594e-01
2.828299999237060547e-01
2.821769714355468750e-01
2.819762229919433594e-01
2.852499485015869141e-01
2.842838764190673828e-01
2.861959934234619141e-01
2.843401432037353516e-01
2.845349311828613281e-01
2.847039699554443359e-01
2.850189208984375000e-01
2.859461307525634766e-01
2.854759693145751953e-01
2.858238220214843750e-01
2.845120429992675781e-01
2.846651077270507812e-01
2.857069969177246094e-01
2.842080593109130859e-01
2.848880290985107422e-01
2.849640846252441406e-01
2.845909595489501953e-01
2.848110198974609375e-01
2.862830162048339844e-01
2.856619358062744141e-01
2.845909595489501953e-01
2.847340106964111328e-01
2.848949432373046875e-01
2.849822044372558594e-01
2.846448421478271484e-01
2.850010395050048828e-01
2.864820957183837891e-01
2.861089706420898438e-01
2.859940528869628906e-01
2.846000194549560547e-01
2.846379280090332031e-01
2.861058712005615234e-01
2.844099998474121094e-01
2.849051952362060547e-01
2.848889827728271484e-01
2.848088741302490234e-01
2.847149372100830078e-01
2.851178646087646484e-01
2.850718498229980469e-01
2.847299575805664062e-01
2.848770618438720703e-01
2.844159603118896484e-01
2.845599651336669922e-01
2.848749160766601562e-01
2.856140136718750000e-01
2.845818996429443359e-01
2.846820354461669922e-01
2.857019901275634766e-01
2.854659557342529297e-01
2.846999168395996094e-01
2.850959300994873047e-01
2.848680019378662109e-01
2.862589359283447266e-01
2.843549251556396484e-01
2.849280834197998047e-01
2.856669425964355469e-01
2.859950065612792969e-01
2.847850322723388672e-01
2.849647998809814453e-01
2.859439849853515625e-01
2.849781513214111328e-01
2.846829891204833984e-01
2.857918739318847656e-01
2.842659950256347656e-01
2.843670845031738281e-01
2.851970195770263672e-01
2.849340438842773438e-01
2.850279808044433594e-01
2.853519916534423828e-01
2.880089282989501953e-01
2.819619178771972656e-01
2.814099788665771484e-01
2.854530811309814453e-01
2.841520309448242188e-01
2.828910350799560547e-01
2.833821773529052734e-01
2.829041481018066406e-01
2.833321094512939453e-01
2.831139564514160156e-01
2.836320400238037109e-01
2.832810878753662109e-01
